1,000
1,010
1,021
1,031
1,041
1,052
1,063
1,073
1,084
1,095
1,106
1,117
1,128
1,139
1,151
1,162
1,173
1,185
1,196
1,208
1,220
1,231
1,243
1,255
1,267
1,278
1,290
1,302
1,314
1,327
1,339
1,351
1,363
1,375
1,388
1,400
1,412
1,425
1,437
1,450
1,462
1,475
1,487
1,500
1,512
1,525
1,538
1,550
1,563
1,576
1,589
1,601
1,614
1,627
1,640
1,653
1,665
1,678
1,691
1,704
1,717
1,730
1,743
1,756
1,769
1,782
1,795
1,807
1,820
1,833
1,846
1,859
1,872
1,885
1,898
1,911
1,924
1,937
1,950
1,963
1,976
1,988
2,001
2,014
2,027
2,040
2,053
2,066
2,078
2,091
2,104
2,117
2,130
2,142
2,155
2,168
2,181
2,193
2,206
2,218
2,231
2,244
2,256
2,269
2,281
2,294
2,306
2,319
2,331
2,344
2,356
2,368
2,381
2,393
2,405
2,417
2,430
2,442
2,454
2,466
2,478
2,490
2,502
2,514
2,526
2,538
2,550
2,562
2,573
2,585
2,597
2,609
2,620
2,632
2,644
2,655
2,667
2,678
2,690
2,701
2,712
2,724
2,735
2,746
2,757
2,769
2,780
2,791
2,802
2,813
2,824
2,835
2,846
2,856
2,867
2,878
2,889
2,899
2,910
2,920
2,931
2,941
2,952
2,962
2,973
2,983
2,993
3,003
3,014
3,024
3,034
3,044
3,054
3,064
3,074
3,083
3,093
3,103
3,113
3,122
3,132
3,141
3,151
3,160
3,170
3,179
3,188
3,198
3,207
3,216
3,225
3,234
3,243
3,252
3,261
3,270
3,279
3,287
3,296
3,305
3,313
3,322
3,331
3,339
3,347
3,356
3,364
3,372
3,381
3,389
3,397
3,405
3,413
3,421
3,429
3,437
3,444
3,452
3,460
3,467
3,475
3,483
3,490
3,497
3,505
3,512
3,519
3,527
3,534
3,541
3,548
3,555
3,562
3,569
3,576
3,583
3,589
3,596
3,603
3,609
3,616
3,622
3,629
3,635
3,642
3,648
3,654
3,660
3,667
3,673
3,679
3,685
3,691
3,697
3,702
3,708
3,714
3,720
3,725
3,731
3,736
3,742
3,747
3,752
3,758
3,763
3,768
3,773
3,779
3,784
3,789
3,794
3,798
3,803
3,808
3,813
3,818
3,822
3,827
3,831
3,836
3,840
3,845
3,849
3,853
3,857
3,862
3,866
3,870
3,874
3,878
3,882
3,886
3,889
3,893
3,897
3,900
3,904
3,908
3,911
3,915
3,918
3,921
3,925
3,928
3,931
3,934
3,937
3,940
3,943
3,946
3,949
3,952
3,955
3,957
3,960
3,963
3,965
3,968
3,970
3,973
3,975
3,977
3,980
3,982
3,984
3,986
3,988
3,990
3,992
3,994
3,996
3,998
3,999
4,001
4,003
4,004
4,006
4,007
4,009
4,010
4,012
4,013
4,014
4,015
4,016
4,017
4,018
4,019
4,020
4,021
4,022
4,023
4,023
4,024
4,025
4,025
4,026
4,026
4,026
4,027
4,027
4,027
4,027
4,028
4,028
4,028
4,028
4,027
4,027
4,027
4,027
4,026
4,026
4,026
4,025
4,025
4,024
4,023
4,023
4,022
4,021
4,020
4,019
4,018
4,017
4,016
4,015
4,014
4,013
4,012
4,010
4,009
4,007
4,006
4,004
4,003
4,001
3,999
3,997
3,995
3,994
3,992
3,990
3,987
3,985
3,983
3,981
3,979
3,976
3,974
3,971
3,969
3,966
3,963
3,961
3,958
3,955
3,952
3,949
3,946
3,943
3,940
3,937
3,934
3,930
3,927
3,923
3,920
3,916
3,913
3,909
3,905
3,902
3,898
3,894
3,890
3,886
3,882
3,878
3,873
3,869
3,865
3,860
3,856
3,851
3,847
3,842
3,837
3,833
3,828
3,823
3,818
3,813
3,808
3,802
3,797
3,792
3,787
3,781
3,776
3,770
3,764
3,759
3,753
3,747
3,741
3,735
3,729
3,723
3,717
3,711
3,704
3,698
3,692
3,685
3,679
3,672
3,665
3,658
3,652
3,645
3,638
3,631
3,624
3,616
3,609
3,602
3,594
3,587
3,579
3,572
3,564
3,556
3,548
3,541
3,533
3,525
3,516
3,508
3,500
3,492
3,483
3,475
3,466
3,458
3,449
3,440
3,431
3,422
3,413
3,404
3,395
3,386
3,377
3,367
3,358
3,348
3,339
3,329
3,319
3,309
3,299
3,289
3,279
3,269
3,259
3,249
3,238
3,228
3,217
3,207
3,196
3,185
3,174
3,163
3,152
3,141
3,130
3,119
3,108
3,096
3,085
3,073
3,062
3,050
3,038
3,026
3,014
3,002
2,990
2,978
2,965
2,953
2,941
2,928
2,915
2,903
2,890
2,877
2,864
2,851
2,838
2,825
2,811
2,798
2,785
2,771
2,757
2,744
2,730
2,716
2,702
2,688
2,674
2,660
2,645
2,631
2,617
2,602
2,587
2,573
2,558
2,543
2,528
2,513
2,498
2,483
2,467
2,452
2,436
2,421
2,405
2,390
2,374
2,358
2,342
2,326
2,310
2,293
2,277
2,261
2,244
2,227
2,211
2,194
2,177
2,160
2,143
2,126
2,109
2,092
2,074
2,057
2,039
2,022
2,004
1,986
1,968
1,950
1,932
1,914
1,896
1,878
1,859
1,841
1,822
1,804
1,785
1,766
1,747
1,729
1,710
1,690
1,671
1,652
1,633
1,613
1,594
1,574
1,554
1,534
1,515
1,495
1,475
1,455
1,434
1,414
1,394
1,373
1,353
1,332
1,312
1,291
1,270
1,249
1,228
1,207
1,186
1,165
1,144
1,122
1,101
1,079
1,058
1,036
1,015
0,9927
0,9709
0,9489
0,9269
0,9049
0,8827
0,8605
0,8382
0,8158
0,7934
0,7709
0,7483
0,7257
0,7030
0,6802
0,6574
0,6345
0,6115
0,5885
0,5654
0,5423
0,5190
0,4958
0,4724
0,4490
0,4255
0,4020
0,3784
0,3548
0,3311
0,3073
0,2835
0,2596
0,2357
0,2117
0,1877
0,1636
0,1395
0,1153
0,09102
0,06673
0,04238
0,01799
-0,006453
-0,03094
-0,05547
-0,08005
-0,1047
-0,1293
-0,1541
-0,1788
-0,2036
-0,2284
-0,2533
-0,2782
-0,3032
-0,3282
-0,3532
-0,3782
-0,4033
-0,4284
-0,4536
-0,4788
-0,5040
-0,5292
-0,5545
-0,5798
-0,6051
-0,6304
-0,6558
-0,6812
-0,7066
-0,7320
-0,7575
-0,7830
-0,8084
-0,8339
-0,8594
-0,8850
-0,9105
-0,9360
-0,9616
-0,9871
-1,013
-1,038
-1,064
-1,089
-1,115
-1,141
-1,166
-1,192
-1,217
-1,243
-1,268
-1,294
-1,319
-1,345
-1,370
-1,396
-1,421
-1,447
-1,472
-1,498
-1,523
-1,548
-1,574
-1,599
-1,624
-1,650
-1,675
-1,700
-1,725
-1,750
-1,775
-1,800
-1,825
-1,850
-1,875
-1,900
-1,925
-1,949
-1,974
-1,999
-2,023
-2,048
-2,072
-2,097
-2,121
-2,145
-2,169
-2,193
-2,217
-2,241
-2,265
-2,289
-2,313
-2,336
-2,360
-2,383
-2,407
-2,430
-2,453
-2,476
-2,499
-2,522
-2,545
-2,567
-2,590
-2,612
-2,635
-2,657
-2,679
-2,701
-2,723
-2,744
-2,766
-2,787
-2,808
-2,830
-2,851
-2,871
-2,892
-2,913
-2,933
-2,953
-2,973
-2,993
-3,013
-3,033
-3,052
-3,071
-3,091
-3,109
-3,128
-3,147
-3,165
-3,183
-3,201
-3,219
-3,237
-3,254
-3,271
-3,288
-3,305
-3,322
-3,338
-3,354
-3,370
-3,385
-3,401
-3,416
-3,431
-3,446
-3,460
-3,474
-3,488
-3,502
-3,516
-3,529
-3,542
-3,554
-3,567
-3,579
-3,591
-3,602
-3,614
-3,625
-3,635
-3,646
-3,656
-3,665
-3,675
-3,684
-3,693
-3,701
-3,709
-3,717
-3,725
-3,732
-3,739
-3,745
-3,751
-3,757
-3,763
-3,768
-3,772
-3,777
-3,781
-3,784
-3,787
-3,790
-3,792
-3,794
-3,796
-3,797
-3,798
-3,798
-3,798
-3,798
-3,797
-3,795
-3,794
-3,791
-3,789
-3,786
-3,782
-3,778
-3,773
-3,768
-3,763
-3,757
-3,750
-3,743
-3,736
-3,728
-3,719
-3,710
-3,701
-3,691
-3,680
-3,669
-3,657
-3,645
-3,632
-3,619
-3,605
-3,591
-3,576
-3,560
-3,544
-3,527
-3,510
-3,492
-3,473
-3,454
-3,434
-3,413
-3,392
-3,371
-3,348
-3,325
-3,302
-3,277
-3,252
-3,226
-3,200
-3,173
-3,145
-3,117
-3,088
-3,058
-3,027
-2,996
-2,964
-2,931
-2,897
-2,863
-2,828
-2,792
-2,755
-2,718
-2,680
-2,641
-2,601
-2,561
-2,519
-2,477
-2,434
-2,390
-2,345
-2,300
-2,253
-2,206
-2,158
-2,109
-2,059
-2,008
-1,956
-1,904
-1,850
-1,796
-1,740
-1,684
-1,627
-1,568
-1,509
-1,449
-1,388
-1,326
-1,263
-1,198
-1,133
-1,067
-1,000
